          given-code: 0.001973   0.008029  
              No_NMS: 0.210335   0.003452  
            With_NMS: 0.522736   0.583901  
